0.359547
0 0 0.000000
1 1 0.104586
1 2 0.204204
1 3 0.204204
1 4 1.000000
1 5 0.247835
1 6 1.000000
1 7 1.000000
1 8 1.000000
1 9 1.000000
1 10 1.000000
1 11 1.000000
1 12 1.000000
1 13 1.000000
1 14 1.000000
1 15 1.000000
1 16 1.000000
1 17 1.000000
1 18 0.208443
1 19 1.000000
1 20 0.276841
1 21 0.391597
1 22 0.391597
1 23 0.276323
2 24 1.000000
2 25 1.000000
2 26 1.000000
2 27 0.075166
2 28 0.217962
2 29 1.000000
2 30 0.138988
2 31 0.276263
2 32 0.072960
2 33 0.222607
2 34 0.197548
2 35 0.120056
2 36 1.000000
2 37 0.185096
2 38 1.000000
2 39 1.000000
2 40 0.253242
2 41 0.087584
2 42 0.102915
2 43 0.070449
2 44 0.169061
2 45 0.085061
2 46 0.205760
2 47 1.000000
2 48 0.148829
2 49 1.000000
2 50 1.000000
2 51 0.045160
2 52 0.037444
2 53 0.086301
2 54 0.079840
2 55 0.075990
2 56 0.166878
2 57 1.000000
2 58 0.102277
2 59 0.057556
2 60 0.082445
2 61 0.057689
2 62 0.090087
2 63 0.135769
2 64 1.000000
2 65 1.000000
2 66 0.112407
2 67 0.027391
2 68 0.055846
2 69 0.047858
2 70 0.071665
2 71 1.000000
2 72 0.071636
2 73 0.051661
2 74 0.056505
2 75 0.045698
2 76 0.052849
2 77 0.066592
2 78 0.082581
2 79 0.039534
2 80 0.079963
2 81 0.031428
2 82 0.038249
2 83 0.032298
2 84 0.104416
2 85 1.000000
2 86 0.043514
2 87 0.058872
2 88 0.067033
2 89 0.044379
2 90 0.048953
2 91 0.116182
2 92 0.317722
2 93 0.059424
2 94 0.069020
2 95 0.032548
2 96 0.021876
2 97 0.045225
2 98 1.000000
2 99 1.000000
2 100 1.000000
2 101 0.068637
2 102 0.064850
2 103 0.046292
2 104 0.072588
2 105 0.079535
2 106 1.000000
2 107 1.000000
2 108 0.062950
2 109 0.053182
2 110 0.027566
2 111 0.044843
2 112 0.029802
2 113 0.072737
2 114 1.000000
2 115 1.000000
2 116 1.000000
2 117 0.275379
2 118 0.040496
2 119 0.072480
2 120 0.073104
2 121 0.058530
2 122 0.080435
2 123 0.058298
2 124 1.000000
2 125 1.000000
2 126 0.070032
2 127 0.071670
2 128 0.067535
2 129 0.166792
2 130 0.044563
2 131 0.033745
2 132 1.000000
2 133 1.000000
2 134 1.000000
2 135 0.287200
2 136 0.047510
2 137 0.063366
2 138 0.090728
2 139 0.060360
2 140 0.065407
2 141 1.000000
2 142 1.000000
2 143 0.052424
2 144 0.025833
2 145 0.138737
2 146 0.057653
2 147 1.000000
2 148 0.150582
2 149 1.000000
2 150 1.000000
2 151 1.000000
2 152 0.297993
2 153 1.000000
2 154 0.079800
2 155 0.200213
2 156 0.075826
2 157 0.091217
2 158 1.000000
2 159 1.000000
2 160 1.000000
2 161 0.043458
2 162 0.059528
2 163 0.028405
2 164 0.190129
2 165 0.028414
2 166 0.053216
2 167 1.000000
2 168 1.000000
2 169 0.092594
2 170 1.000000
2 171 0.169264
2 172 1.000000
2 173 0.077776
2 174 1.000000
2 175 1.000000
2 176 0.070804
2 177 1.000000
2 178 0.159949
2 179 0.078880
2 180 0.064685
2 181 1.000000
2 182 1.000000
2 183 1.000000
2 184 1.000000
2 185 0.316738
2 186 0.107069
2 187 0.106367
2 188 1.000000
2 189 1.000000
2 190 1.000000
2 191 0.213985
2 192 1.000000
2 193 0.085917
2 194 1.000000
2 195 1.000000
2 196 1.000000
2 197 1.000000
2 198 0.324189
2 199 1.000000
2 200 1.000000
2 201 1.000000
2 202 1.000000
2 203 0.095405
2 204 0.112013
2 205 0.182506
2 206 0.083982
2 207 0.084537
2 208 1.000000
2 209 1.000000
2 210 1.000000
2 211 1.000000
2 212 1.000000
2 213 1.000000
2 214 1.000000
2 215 1.000000
2 216 0.090716
2 217 1.000000
2 218 1.000000
2 219 1.000000
2 220 0.054931
3 221 1.000000
3 222 1.000000
3 223 1.000000
3 224 1.000000
3 225 1.000000
3 226 1.000000
3 227 1.000000
3 228 1.000000
3 229 1.000000
3 230 1.000000
3 231 1.000000
3 232 1.000000
3 233 1.000000
3 234 1.000000
3 235 1.000000
3 236 1.000000
3 237 1.000000
3 238 1.000000
3 239 1.000000
3 240 1.000000
3 241 1.000000
3 242 1.000000
3 243 1.000000
3 244 1.000000
3 245 1.000000
3 246 1.000000
3 247 1.000000
3 248 1.000000
3 249 1.000000
3 250 1.000000
3 251 1.000000
3 252 1.000000
3 253 1.000000
3 254 1.000000
3 255 1.000000
3 256 1.000000
3 257 1.000000
3 258 1.000000
3 259 1.000000
3 260 1.000000
3 261 1.000000
3 262 1.000000
4 263 1.000000
4 264 1.000000
4 265 1.000000
4 266 1.000000
4 267 1.000000
4 268 1.000000
4 269 1.000000
4 270 1.000000
4 271 1.000000
4 272 1.000000
4 273 1.000000
4 274 1.000000
4 275 1.000000
4 276 1.000000
4 277 1.000000
4 278 1.000000
4 279 1.000000
4 280 1.000000
4 281 1.000000
4 282 1.000000
4 283 1.000000
4 284 1.000000
5 285 1.000000
5 286 1.000000
5 287 1.000000
5 288 1.000000
5 289 1.000000
5 290 1.000000
5 291 1.000000
5 292 1.000000
5 293 1.000000
5 294 1.000000
5 295 1.000000
4 296 1.000000
4 297 1.000000
4 298 1.000000
4 299 1.000000
4 300 1.000000
4 301 1.000000
4 302 1.000000
4 303 1.000000
4 304 1.000000
3 305 1.000000
3 306 1.000000
3 307 1.000000
3 308 1.000000
3 309 1.000000
3 310 1.000000
3 311 1.000000
3 312 1.000000
3 313 1.000000
3 314 1.000000
3 315 1.000000
3 316 1.000000
3 317 1.000000
3 318 1.000000
3 319 1.000000
3 320 1.000000
3 321 1.000000
3 322 1.000000
3 323 1.000000
3 324 1.000000
3 325 1.000000
3 326 1.000000
3 327 1.000000
3 328 1.000000
3 329 1.000000
3 330 1.000000
3 331 1.000000
3 332 1.000000
3 333 1.000000
3 334 1.000000
3 335 1.000000
3 336 1.000000
3 337 1.000000
3 338 1.000000
3 339 1.000000
3 340 1.000000
3 341 1.000000
3 342 1.000000
3 343 1.000000
3 344 1.000000
3 345 1.000000
3 346 1.000000
3 347 1.000000
3 348 1.000000
3 349 1.000000
3 350 1.000000
3 351 1.000000
3 352 1.000000
3 353 1.000000
3 354 1.000000
3 355 1.000000
3 356 1.000000
3 357 1.000000
3 358 1.000000
3 359 1.000000
3 360 1.000000
3 361 1.000000
3 362 1.000000
3 363 1.000000
3 364 1.000000
4 365 1.000000
3 366 1.000000
3 367 1.000000
3 368 1.000000
3 369 1.000000
3 370 1.000000
3 371 1.000000
3 372 1.000000
3 373 0.391165
3 374 1.000000
3 375 1.000000
3 376 1.000000
3 377 1.000000
3 378 1.000000
3 379 1.000000
4 380 1.000000
3 381 1.000000
3 382 1.000000
3 383 1.000000
