0 1 -0.104586
0 6 -0.204204
0 8 -0.204204
0 9 -1.000000
0 19 -0.247835
0 32 -1.000000
0 42 -1.000000
0 51 -1.000000
0 61 -1.000000
0 70 -1.000000
0 79 -1.000000
0 80 -1.000000
0 88 -1.000000
0 103 -1.000000
0 113 -1.000000
0 123 -1.000000
0 133 -1.000000
0 143 -0.208443
0 152 -1.000000
0 178 -0.276841
0 199 -0.391597
0 214 -0.391597
0 228 -0.276323
1 2 -1.000000
1 3 -1.000000
1 5 -1.000000
1 7 -0.075166
1 12 -0.217962
1 13 -1.000000
1 14 -0.138988
1 15 -0.276263
1 16 -0.072960
1 17 -0.222607
1 18 -0.197548
1 21 -0.120056
1 22 -1.000000
1 23 -0.185096
1 24 -1.000000
1 25 -1.000000
1 26 -0.253242
1 27 -0.087584
1 28 -0.102915
1 29 -0.070449
1 30 -0.169061
1 31 -0.085061
1 33 -0.205760
1 34 -1.000000
1 35 -0.148829
1 36 -1.000000
1 37 -1.000000
1 38 -0.045160
1 39 -0.037444
1 40 -0.086301
1 41 -0.079840
1 43 -0.075990
1 45 -0.166878
1 46 -1.000000
1 47 -0.102277
1 48 -0.057556
1 49 -0.082445
1 50 -0.057689
1 52 -0.090087
1 54 -0.135769
1 55 -1.000000
1 56 -1.000000
1 57 -0.112407
1 58 -0.027391
1 59 -0.055846
1 60 -0.047858
1 62 -0.071665
1 64 -1.000000
1 65 -0.071636
1 66 -0.051661
1 67 -0.056505
1 68 -0.045698
1 69 -0.052849
1 71 -0.066592
1 73 -0.082581
1 74 -0.039534
1 75 -0.079963
1 76 -0.031428
1 77 -0.038249
1 78 -0.032298
1 81 -0.104416
1 82 -1.000000
1 83 -0.043514
1 84 -0.058872
1 85 -0.067033
1 86 -0.044379
1 87 -0.048953
1 89 -0.116182
1 90 -0.317722
1 91 -0.059424
1 92 -0.069020
1 93 -0.032548
1 94 -0.021876
1 95 -0.045225
1 96 -1.000000
1 97 -1.000000
1 98 -1.000000
1 99 -0.068637
1 100 -0.064850
1 101 -0.046292
1 102 -0.072588
1 104 -0.079535
1 105 -1.000000
1 106 -1.000000
1 107 -0.062950
1 108 -0.053182
1 109 -0.027566
1 110 -0.044843
1 111 -0.029802
1 112 -0.072737
1 114 -1.000000
1 115 -1.000000
1 116 -1.000000
1 117 -0.275379
1 118 -0.040496
1 119 -0.072480
1 120 -0.073104
1 121 -0.058530
1 122 -0.080435
1 124 -0.058298
1 125 -1.000000
1 126 -1.000000
1 127 -0.070032
1 128 -0.071670
1 129 -0.067535
1 130 -0.166792
1 131 -0.044563
1 132 -0.033745
1 134 -1.000000
1 135 -1.000000
1 136 -1.000000
1 137 -0.287200
1 138 -0.047510
1 139 -0.063366
1 140 -0.090728
1 141 -0.060360
1 142 -0.065407
1 144 -1.000000
1 145 -1.000000
1 146 -0.052424
1 147 -0.025833
1 148 -0.138737
1 149 -0.057653
1 150 -1.000000
1 151 -0.150582
1 153 -1.000000
1 154 -1.000000
1 155 -1.000000
1 156 -0.297993
1 157 -1.000000
1 158 -0.079800
1 159 -0.200213
1 160 -0.075826
1 161 -0.091217
1 162 -1.000000
1 163 -1.000000
1 164 -1.000000
1 165 -0.043458
1 166 -0.059528
1 167 -0.028405
1 168 -0.190129
1 169 -0.028414
1 170 -0.053216
1 171 -1.000000
1 172 -1.000000
1 173 -0.092594
1 174 -1.000000
1 175 -0.169264
1 176 -1.000000
1 177 -0.077776
1 179 -1.000000
1 180 -1.000000
1 181 -0.070804
1 182 -1.000000
1 183 -0.159949
1 184 -0.078880
1 185 -0.064685
1 186 -1.000000
1 187 -1.000000
1 188 -1.000000
1 189 -1.000000
1 190 -0.316738
1 191 -0.107069
1 192 -0.106367
1 193 -1.000000
1 194 -1.000000
1 195 -1.000000
1 196 -0.213985
1 197 -1.000000
1 198 -0.085917
1 200 -1.000000
1 201 -1.000000
1 202 -1.000000
1 203 -1.000000
1 204 -0.324189
1 205 -1.000000
1 206 -1.000000
1 207 -1.000000
1 208 -1.000000
1 209 -0.095405
1 210 -0.112013
1 211 -0.182506
1 212 -0.083982
1 213 -0.084537
1 215 -1.000000
1 216 -1.000000
1 217 -1.000000
1 218 -1.000000
1 219 -1.000000
1 220 -1.000000
1 221 -1.000000
1 222 -1.000000
1 223 -0.090716
1 224 -1.000000
1 225 -1.000000
1 226 -1.000000
1 227 -0.054931
33 -1 -1.000000
33 -1 -1.000000
33 -1 -1.000000
33 -1 -1.000000
33 -1 -1.000000
33 -1 -1.000000
33 -1 -1.000000
33 -1 -1.000000
33 -1 -1.000000
33 -1 -1.000000
33 -1 -1.000000
33 -1 -1.000000
33 -1 -1.000000
33 -1 -1.000000
33 -1 -1.000000
33 -1 -1.000000
33 -1 -1.000000
33 -1 -1.000000
33 -1 -1.000000
33 -1 -1.000000
33 -1 -1.000000
33 -1 -1.000000
33 -1 -1.000000
33 -1 -1.000000
33 -1 -1.000000
33 -1 -1.000000
33 -1 -1.000000
33 -1 -1.000000
33 -1 -1.000000
33 -1 -1.000000
33 -1 -1.000000
33 -1 -1.000000
33 -1 -1.000000
33 -1 -1.000000
33 -1 -1.000000
33 -1 -1.000000
33 -1 -1.000000
33 -1 -1.000000
33 -1 -1.000000
33 -1 -1.000000
33 -1 -1.000000
33 -1 -1.000000
-1 -1 -1.000000
-1 -1 -1.000000
-1 -1 -1.000000
-1 -1 -1.000000
-1 -1 -1.000000
-1 -1 -1.000000
-1 -1 -1.000000
-1 -1 -1.000000
-1 -1 -1.000000
-1 -1 -1.000000
-1 -1 -1.000000
-1 -1 -1.000000
-1 -1 -1.000000
-1 -1 -1.000000
-1 -1 -1.000000
-1 -1 -1.000000
-1 -1 -1.000000
-1 -1 -1.000000
-1 -1 -1.000000
-1 -1 -1.000000
-1 -1 -1.000000
-1 -1 -1.000000
-1 -1 -1.000000
-1 -1 -1.000000
-1 -1 -1.000000
-1 -1 -1.000000
-1 -1 -1.000000
-1 -1 -1.000000
-1 -1 -1.000000
-1 -1 -1.000000
-1 -1 -1.000000
-1 -1 -1.000000
-1 -1 -1.000000
-1 -1 -1.000000
-1 -1 -1.000000
-1 -1 -1.000000
-1 -1 -1.000000
-1 -1 -1.000000
-1 -1 -1.000000
-1 -1 -1.000000
-1 -1 -1.000000
-1 -1 -1.000000
21 -1 -1.000000
21 -1 -1.000000
21 -1 -1.000000
21 -1 -1.000000
21 -1 -1.000000
21 -1 -1.000000
21 -1 -1.000000
21 -1 -1.000000
21 -1 -1.000000
21 -1 -1.000000
21 -1 -1.000000
21 -1 -1.000000
21 -1 -1.000000
43 -1 -1.000000
43 -1 -1.000000
43 -1 -1.000000
43 -1 -1.000000
43 -1 -1.000000
43 -1 -1.000000
43 -1 -1.000000
52 -1 -1.000000
52 -1 -1.000000
52 -1 -1.000000
52 -1 -1.000000
52 -1 -1.000000
71 -1 -1.000000
71 -1 -1.000000
71 -1 -1.000000
71 -1 -1.000000
71 -1 -1.000000
62 -1 -1.000000
62 -1 -1.000000
62 -1 -1.000000
62 -1 -1.000000
62 -1 -1.000000
62 -1 -1.000000
62 -1 -1.000000
89 -1 -1.000000
89 -1 -1.000000
89 -1 -1.000000
89 -1 -1.000000
89 -1 -1.000000
89 -1 -1.000000
89 -1 -1.000000
89 -1 -1.000000
89 -1 -1.000000
89 -1 -1.000000
89 -1 -1.000000
89 -1 -1.000000
89 -1 -1.000000
81 -1 -1.000000
81 -1 -1.000000
81 -1 -1.000000
81 -1 -1.000000
81 -1 -1.000000
81 -1 -1.000000
81 -1 -1.000000
81 -1 -1.000000
81 -1 -1.000000
81 -1 -1.000000
-1 -1 -1.000000
104 -1 -1.000000
104 -1 -1.000000
104 -1 -1.000000
104 -1 -1.000000
104 -1 -1.000000
104 -1 -1.000000
104 -1 -1.000000
17 20 -0.391165
18 -1 -1.000000
12 -1 -1.000000
90 -1 -1.000000
22 44 -1.000000
34 53 -1.000000
34 63 -1.000000
63 72 -1.000000
3 4 -1.000000
3 10 -1.000000
3 11 -1.000000
0.359547
